0 0.417969 0.446094 0.532813 0.257812
0 0.031250 0.583594 0.056250 0.054688
0 0.078125 0.651563 0.065625 0.146875
0 0.104688 0.698438 0.065625 0.171875
0 0.146094 0.718750 0.085938 0.196875
0 0.231250 0.784375 0.125000 0.243750
0 0.345313 0.821875 0.159375 0.240625
0 0.548438 0.804688 0.153125 0.237500
0 0.690625 0.786719 0.156250 0.245312
0 0.786719 0.770312 0.107813 0.243750
0 0.842969 0.721875 0.076563 0.200000
0 0.878125 0.675000 0.062500 0.150000
0 0.912500 0.637500 0.056250 0.125000
0 0.529687 0.943750 0.078125 0.065625
0 0.618750 0.918750 0.093750 0.087500
0 0.903125 0.409375 0.050000 0.068750
0 0.872656 0.408594 0.045312 0.042188
