0 0.442969 0.083594 0.082812 0.085938
0 0.555469 0.085156 0.079687 0.089063
0 0.339062 0.060937 0.053125 0.053125
0 0.184375 0.253125 0.134375 0.178125
0 0.053125 0.430469 0.065625 0.073438
0 0.112500 0.296875 0.062500 0.153125
0 0.407813 0.828906 0.143750 0.204687
0 0.252344 0.801562 0.167187 0.225000
0 0.155469 0.745313 0.079687 0.190625
0 0.114844 0.716406 0.070312 0.160938
0 0.076563 0.678125 0.059375 0.146875
0 0.457813 0.568750 0.562500 0.306250
0 0.553906 0.935156 0.089063 0.104688
0 0.635156 0.920312 0.089063 0.090625
0 0.719531 0.798438 0.148438 0.206250
0 0.801562 0.830469 0.081250 0.101562
0 0.871875 0.700781 0.078125 0.145313
0 0.648438 0.103906 0.090625 0.092188
0 0.717969 0.205469 0.142187 0.189062
0 0.832812 0.255469 0.112500 0.201563
0 0.885938 0.311719 0.062500 0.145313
0 0.532031 0.033594 0.039062 0.048438
0 0.580469 0.043750 0.048438 0.050000
0 0.657813 0.047656 0.062500 0.057813
