0 0.046094 0.549219 0.057813 0.067187
0 0.406250 0.186719 0.143750 0.210938
0 0.659375 0.189844 0.150000 0.204687
0 0.792969 0.234375 0.139063 0.200000
0 0.196094 0.260937 0.132812 0.187500
0 0.120313 0.284375 0.081250 0.171875
0 0.578125 0.846875 0.146875 0.215625
0 0.711719 0.796875 0.142187 0.193750
0 0.829688 0.753125 0.115625 0.218750
0 0.909375 0.683594 0.059375 0.142187
0 0.940625 0.637500 0.050000 0.093750
0 0.881250 0.284375 0.056250 0.150000
0 0.914844 0.306250 0.057813 0.131250
0 0.468750 0.493750 0.559375 0.368750
0 0.092188 0.334375 0.050000 0.106250
8 0.311719 0.163281 0.032813 0.048438
8 0.257812 0.184375 0.031250 0.040625
8 0.341406 0.142187 0.014063 0.037500
