0 0.406250 0.174219 0.140625 0.214062
0 0.543750 0.077344 0.090625 0.101562
0 0.650000 0.099219 0.109375 0.098437
0 0.740625 0.131250 0.093750 0.090625
0 0.815625 0.250000 0.131250 0.193750
0 0.142969 0.264844 0.110937 0.220312
0 0.255469 0.215625 0.151562 0.196875
0 0.318750 0.100000 0.093750 0.084375
0 0.434375 0.068750 0.093750 0.093750
0 0.429688 0.809375 0.162500 0.243750
0 0.731250 0.782813 0.184375 0.278125
0 0.835938 0.729688 0.084375 0.193750
0 0.071875 0.662500 0.087500 0.140625
0 0.074219 0.340625 0.067187 0.146875
0 0.906250 0.329688 0.062500 0.137500
0 0.427344 0.478125 0.595313 0.384375
8 0.112500 0.671094 0.053125 0.032813
8 0.959375 0.546094 0.031250 0.017188
