0 0.484375 0.048438 0.059375 0.062500
0 0.425000 0.055469 0.056250 0.060937
0 0.556250 0.053125 0.068750 0.068750
0 0.630469 0.071875 0.060937 0.059375
0 0.705469 0.134375 0.139063 0.075000
0 0.750000 0.252344 0.162500 0.170313
0 0.133594 0.596875 0.195312 0.153125
0 0.155469 0.731250 0.204687 0.150000
0 0.255469 0.876563 0.145313 0.112500
0 0.573438 0.912500 0.090625 0.109375
0 0.725000 0.804688 0.162500 0.140625
0 0.112500 0.396875 0.190625 0.131250
0 0.167969 0.262500 0.185938 0.134375
0 0.234375 0.175000 0.171875 0.078125
0 0.259375 0.117969 0.162500 0.079687
0 0.324219 0.953125 0.117188 0.059375
0 0.321875 0.918750 0.106250 0.068750
0 0.892969 0.703125 0.057813 0.100000
0 0.366406 0.486719 0.251563 0.464062
