0 0.063281 0.348438 0.057813 0.053125
0 0.057813 0.564063 0.056250 0.053125
0 0.099219 0.683594 0.054688 0.060937
0 0.394531 0.814063 0.154688 0.212500
0 0.279687 0.817969 0.131250 0.110937
0 0.392188 0.025781 0.090625 0.048438
0 0.396094 0.144531 0.145313 0.204687
0 0.221094 0.189844 0.173437 0.182812
0 0.614844 0.128906 0.139063 0.182812
0 0.736719 0.177344 0.139063 0.204687
0 0.833594 0.223438 0.092188 0.190625
0 0.756250 0.085156 0.100000 0.085938
0 0.895312 0.204687 0.081250 0.096875
0 0.661719 0.468750 0.354687 0.209375
0 0.801562 0.727344 0.125000 0.173437
0 0.728125 0.840625 0.096875 0.081250
0 0.939063 0.615625 0.062500 0.115625
0 0.581250 0.925000 0.053125 0.053125
