0 0.414844 0.194531 0.142187 0.204687
0 0.299219 0.221875 0.126562 0.206250
0 0.205469 0.239844 0.110937 0.207813
0 0.137500 0.313281 0.068750 0.142187
0 0.103125 0.314844 0.062500 0.139063
0 0.039844 0.491406 0.048438 0.048438
0 0.039844 0.544531 0.045312 0.042188
0 0.062500 0.382031 0.037500 0.085938
0 0.078906 0.348438 0.042188 0.121875
0 0.678906 0.198437 0.154688 0.200000
0 0.795312 0.245312 0.128125 0.225000
0 0.867969 0.326562 0.079687 0.128125
0 0.908594 0.339062 0.098437 0.150000
0 0.951562 0.484375 0.046875 0.043750
0 0.951562 0.535156 0.043750 0.042188
0 0.590625 0.425781 0.509375 0.307812
