0 0.298438 0.221094 0.162500 0.232813
0 0.203125 0.228125 0.090625 0.184375
0 0.027344 0.475000 0.045312 0.046875
0 0.025000 0.532813 0.043750 0.050000
0 0.030469 0.581250 0.045312 0.034375
0 0.132812 0.261719 0.068750 0.148438
0 0.096875 0.306250 0.059375 0.134375
0 0.437500 0.176563 0.140625 0.196875
0 0.642188 0.176563 0.146875 0.231250
0 0.756250 0.236719 0.106250 0.204687
0 0.506250 0.721094 0.496875 0.329688
0 0.593750 0.400000 0.459375 0.256250
0 0.825000 0.283594 0.075000 0.179688
0 0.877344 0.325000 0.070312 0.143750
0 0.046094 0.359375 0.039062 0.090625
0 0.068750 0.337500 0.040625 0.121875
0 0.912500 0.359375 0.053125 0.137500
0 0.955469 0.511719 0.057813 0.051562
0 0.950000 0.571875 0.043750 0.050000
0 0.073438 0.615625 0.078125 0.059375
2 0.160156 0.527344 0.192188 0.057813
