0 0.479687 0.219531 0.318750 0.185938
0 0.287500 0.583594 0.256250 0.320312
0 0.223438 0.782813 0.175000 0.134375
0 0.336719 0.919531 0.120313 0.076563
0 0.364063 0.950781 0.109375 0.051562
0 0.594531 0.946875 0.054688 0.056250
0 0.681250 0.869531 0.071875 0.098437
0 0.789062 0.716406 0.125000 0.195312
0 0.853906 0.682031 0.079687 0.173437
0 0.894531 0.654687 0.073438 0.168750
0 0.918750 0.635156 0.043750 0.120313
0 0.932031 0.594531 0.042188 0.079687
0 0.745313 0.844531 0.090625 0.107813
8 0.641406 0.756250 0.064062 0.090625
8 0.577344 0.785937 0.032813 0.068750
8 0.562500 0.836719 0.028125 0.060937
8 0.554688 0.870313 0.018750 0.050000
8 0.546094 0.891406 0.020313 0.045312
8 0.548438 0.941406 0.015625 0.039062
8 0.529687 0.942969 0.012500 0.035937
