2 0.582812 0.652344 0.109375 0.132812
2 0.509375 0.709375 0.056250 0.181250
2 0.492969 0.715625 0.029687 0.062500
0 0.039844 0.487500 0.048438 0.050000
0 0.076563 0.355469 0.046875 0.126562
0 0.096094 0.339844 0.076563 0.117188
0 0.148438 0.285938 0.115625 0.184375
0 0.302344 0.228125 0.154688 0.215625
0 0.700000 0.225781 0.143750 0.198437
0 0.797656 0.249219 0.123438 0.223438
0 0.857812 0.294531 0.059375 0.160938
0 0.899219 0.329688 0.060937 0.134375
0 0.923438 0.379688 0.046875 0.078125
0 0.951562 0.482031 0.043750 0.045312
0 0.949219 0.533594 0.045312 0.045312
