0 0.273438 0.187500 0.171875 0.234375
0 0.443750 0.065625 0.078125 0.109375
0 0.356250 0.092188 0.100000 0.090625
0 0.127344 0.303125 0.095312 0.156250
0 0.081250 0.333594 0.056250 0.132812
0 0.103125 0.682813 0.078125 0.140625
0 0.270313 0.796094 0.121875 0.189062
0 0.393750 0.835938 0.146875 0.228125
0 0.574219 0.830469 0.132812 0.198437
0 0.603125 0.170313 0.140625 0.196875
0 0.675000 0.112500 0.106250 0.096875
0 0.771875 0.251563 0.118750 0.175000
0 0.846875 0.265625 0.093750 0.200000
0 0.918750 0.331250 0.059375 0.159375
0 0.755469 0.781250 0.101562 0.181250
0 0.836719 0.743750 0.079687 0.178125
0 0.658594 0.890625 0.101562 0.090625
0 0.059375 0.360938 0.043750 0.112500
0 0.587500 0.418750 0.365625 0.384375
8 0.207813 0.302344 0.059375 0.045312
