0 0.053906 0.347656 0.073438 0.060937
0 0.222656 0.216406 0.164062 0.123438
0 0.280469 0.131250 0.110937 0.071875
0 0.382031 0.176563 0.148438 0.218750
0 0.564844 0.077344 0.082812 0.092188
0 0.657813 0.096094 0.093750 0.079687
0 0.743750 0.205469 0.171875 0.254688
0 0.835156 0.267188 0.076563 0.171875
0 0.285156 0.777344 0.157812 0.220312
0 0.184375 0.750000 0.090625 0.175000
0 0.119531 0.691406 0.076563 0.176563
0 0.066406 0.623437 0.051562 0.103125
0 0.524219 0.442969 0.464062 0.242188
0 0.703125 0.799219 0.181250 0.257812
0 0.865625 0.689063 0.106250 0.175000
0 0.934375 0.644531 0.059375 0.145313
0 0.885938 0.304688 0.065625 0.162500
0 0.944531 0.373437 0.060937 0.100000
