5 0.862500 0.589063 0.175000 0.078125
0 0.469531 0.294531 0.148438 0.320312
0 0.770312 0.117969 0.078125 0.126562
0 0.471875 0.060156 0.050000 0.117188
0 0.590625 0.047656 0.043750 0.092188
0 0.328125 0.101562 0.065625 0.112500
0 0.132812 0.377344 0.162500 0.254688
0 0.025000 0.498437 0.046875 0.137500
8 0.165625 0.261719 0.050000 0.067187
8 0.221875 0.171094 0.025000 0.042188
8 0.233594 0.148438 0.029687 0.050000
8 0.243750 0.131250 0.025000 0.056250
0 0.969531 0.486719 0.060937 0.145313
8 0.839844 0.125781 0.035937 0.054688
