0 0.435156 0.085938 0.098437 0.075000
0 0.676562 0.084375 0.053125 0.065625
0 0.724219 0.108594 0.051562 0.057813
0 0.764844 0.235156 0.151562 0.114062
0 0.842969 0.419531 0.157812 0.107813
0 0.836719 0.533594 0.142187 0.107813
0 0.479687 0.452344 0.356250 0.326562
0 0.895312 0.608594 0.078125 0.073438
8 0.704688 0.183594 0.028125 0.035937
8 0.691406 0.164062 0.026562 0.037500
8 0.678906 0.146094 0.023438 0.029687
8 0.293750 0.646875 0.056250 0.046875
8 0.193750 0.624219 0.050000 0.029687
8 0.130469 0.591406 0.042188 0.020313
8 0.110156 0.579688 0.039062 0.018750
8 0.089844 0.571094 0.029687 0.017188
8 0.078906 0.561719 0.026562 0.014063
2 0.206250 0.352344 0.121875 0.079687
2 0.207031 0.316406 0.129688 0.082812
