0 0.246875 0.196875 0.178125 0.125000
0 0.176563 0.384375 0.184375 0.128125
0 0.155469 0.589063 0.220312 0.153125
0 0.234375 0.796094 0.156250 0.123438
0 0.862500 0.606250 0.168750 0.121875
0 0.781250 0.199219 0.118750 0.117188
0 0.699219 0.112500 0.135937 0.078125
0 0.811719 0.721875 0.185938 0.134375
0 0.783594 0.818750 0.189062 0.093750
0 0.940625 0.589844 0.078125 0.129688
0 0.899219 0.303125 0.095312 0.093750
0 0.652344 0.940625 0.051562 0.062500
0 0.573438 0.959375 0.062500 0.056250
0 0.506250 0.961719 0.059375 0.064062
0 0.442188 0.956250 0.053125 0.056250
0 0.304688 0.121875 0.146875 0.059375
0 0.364844 0.073438 0.101562 0.046875
0 0.335938 0.093750 0.115625 0.043750
2 0.861719 0.478125 0.182812 0.050000
