0 0.659375 0.603125 0.415625 0.312500
0 0.250000 0.782813 0.162500 0.218750
0 0.131250 0.731250 0.115625 0.228125
0 0.075000 0.668750 0.059375 0.156250
0 0.252344 0.209375 0.167187 0.218750
0 0.423438 0.092969 0.084375 0.095312
0 0.325000 0.109375 0.096875 0.090625
0 0.164844 0.187500 0.070312 0.087500
0 0.085938 0.337500 0.071875 0.128125
0 0.037500 0.377344 0.059375 0.120313
0 0.605469 0.187500 0.160938 0.215625
0 0.646875 0.096875 0.096875 0.078125
0 0.734375 0.225000 0.150000 0.203125
0 0.821875 0.264844 0.106250 0.189062
0 0.932813 0.367188 0.056250 0.056250
0 0.943750 0.443750 0.056250 0.053125
0 0.949219 0.514844 0.057813 0.048438
8 0.035156 0.596875 0.032813 0.015625
8 0.931250 0.578906 0.046875 0.026562
