2 0.465625 0.271094 0.103125 0.226562
8 0.697656 0.789062 0.048438 0.062500
8 0.714063 0.797656 0.043750 0.064062
8 0.725781 0.782813 0.051562 0.068750
0 0.103906 0.714844 0.142187 0.126562
0 0.050781 0.593750 0.098437 0.081250
0 0.621094 0.862500 0.110937 0.140625
0 0.779687 0.696875 0.184375 0.137500
0 0.812500 0.575000 0.178125 0.118750
0 0.811719 0.367969 0.179688 0.139063
0 0.774219 0.252344 0.201563 0.139063
0 0.732031 0.173437 0.164062 0.084375
0 0.657031 0.076563 0.057813 0.062500
0 0.510938 0.037500 0.053125 0.062500
0 0.447656 0.039062 0.054688 0.056250
0 0.367188 0.042969 0.059375 0.067187
0 0.331250 0.195312 0.175000 0.225000
0 0.238281 0.160938 0.123438 0.140625
0 0.160156 0.202344 0.107813 0.123438
0 0.159375 0.341406 0.181250 0.217188
0 0.065625 0.364844 0.081250 0.132812
0 0.093750 0.239844 0.071875 0.107813
0 0.556250 0.035937 0.040625 0.043750
0 0.255469 0.078125 0.067187 0.071875
0 0.160156 0.133594 0.048438 0.070312
