0 0.562500 0.443750 0.253125 0.453125
0 0.825000 0.400000 0.203125 0.140625
0 0.824219 0.275000 0.195312 0.140625
0 0.831250 0.596094 0.190625 0.139063
0 0.796875 0.721094 0.193750 0.142187
0 0.761719 0.824219 0.189062 0.098437
0 0.140625 0.470313 0.146875 0.275000
0 0.200000 0.259375 0.209375 0.156250
0 0.236719 0.171875 0.192188 0.084375
0 0.299219 0.117969 0.164062 0.060937
0 0.746094 0.181250 0.157812 0.090625
0 0.706250 0.112500 0.171875 0.081250
0 0.286719 0.875000 0.107813 0.121875
0 0.208594 0.835938 0.064062 0.103125
0 0.156250 0.792188 0.059375 0.121875
0 0.340625 0.931250 0.084375 0.068750
0 0.705469 0.883594 0.145313 0.070312
0 0.671875 0.914844 0.131250 0.051562
0 0.111719 0.752344 0.070312 0.101562
8 0.446094 0.976562 0.014063 0.025000
