0 0.692187 0.408594 0.268750 0.360938
0 0.717187 0.124219 0.140625 0.095312
0 0.674219 0.094531 0.101562 0.057813
0 0.632031 0.051562 0.092188 0.062500
0 0.417187 0.056250 0.053125 0.053125
0 0.353125 0.127344 0.115625 0.098437
0 0.270313 0.155469 0.090625 0.098437
0 0.205469 0.261719 0.139063 0.185938
0 0.105469 0.354687 0.079687 0.125000
8 0.356250 0.245312 0.068750 0.093750
8 0.425781 0.212500 0.032813 0.068750
8 0.439844 0.162500 0.029687 0.059375
8 0.450000 0.128906 0.021875 0.048438
8 0.460938 0.107813 0.018750 0.040625
8 0.459375 0.056250 0.015625 0.043750
8 0.482031 0.055469 0.014063 0.026562
0 0.210938 0.145313 0.062500 0.059375
