0 0.557813 0.687500 0.496875 0.290625
0 0.283594 0.787500 0.154688 0.240625
0 0.178125 0.742188 0.109375 0.212500
0 0.081250 0.481250 0.109375 0.181250
0 0.109375 0.687500 0.065625 0.171875
0 0.080469 0.671875 0.060937 0.162500
0 0.059375 0.605469 0.062500 0.129688
0 0.133594 0.365625 0.132812 0.131250
0 0.055469 0.340625 0.064062 0.062500
0 0.114844 0.243750 0.079687 0.106250
0 0.367188 0.132812 0.159375 0.187500
0 0.470313 0.335938 0.584375 0.340625
0 0.609375 0.171875 0.150000 0.200000
0 0.571875 0.073438 0.087500 0.078125
0 0.727344 0.208594 0.139063 0.189062
0 0.818750 0.252344 0.106250 0.182812
0 0.883594 0.299219 0.060937 0.164062
0 0.893750 0.673438 0.087500 0.146875
0 0.920312 0.344531 0.053125 0.135937
0 0.190625 0.247656 0.078125 0.098437
