2 0.469531 0.200000 0.082812 0.218750
0 0.671875 0.156250 0.171875 0.243750
0 0.269531 0.195312 0.151562 0.215625
0 0.173437 0.256250 0.090625 0.184375
0 0.129688 0.288281 0.068750 0.154688
0 0.092969 0.335156 0.060937 0.135937
0 0.067187 0.347656 0.059375 0.126562
0 0.033594 0.481250 0.029687 0.034375
0 0.834375 0.742188 0.134375 0.196875
0 0.912500 0.675781 0.068750 0.139063
0 0.719531 0.783594 0.154688 0.192188
0 0.585938 0.828125 0.137500 0.190625
0 0.423438 0.796875 0.134375 0.187500
0 0.282813 0.760156 0.125000 0.160938
0 0.189062 0.721875 0.093750 0.178125
0 0.139844 0.689844 0.070312 0.154688
0 0.102344 0.656250 0.045312 0.134375
0 0.975000 0.592187 0.043750 0.059375
0 0.454688 0.907031 0.078125 0.064062
0 0.341406 0.856250 0.092188 0.087500
