0 0.537500 0.704688 0.178125 0.300000
0 0.248438 0.567969 0.237500 0.364063
0 0.829688 0.589844 0.196875 0.145313
0 0.808594 0.720313 0.204687 0.143750
0 0.756250 0.808594 0.187500 0.098437
0 0.284375 0.868750 0.112500 0.125000
0 0.140625 0.426563 0.162500 0.262500
0 0.218750 0.205469 0.162500 0.164062
0 0.355469 0.058594 0.054688 0.057813
0 0.690625 0.096875 0.131250 0.078125
0 0.651563 0.068750 0.087500 0.037500
0 0.627344 0.048438 0.089063 0.037500
0 0.129688 0.240625 0.068750 0.112500
0 0.120313 0.753125 0.084375 0.106250
0 0.078125 0.705469 0.050000 0.098437
0 0.186719 0.852344 0.070312 0.054688
8 0.383594 0.914062 0.026562 0.059375
