0 0.425000 0.606250 0.403125 0.318750
8 0.687500 0.757812 0.075000 0.081250
8 0.732812 0.691406 0.065625 0.048438
8 0.800781 0.672656 0.057813 0.035937
8 0.841406 0.654687 0.054688 0.031250
8 0.867188 0.641406 0.043750 0.026562
8 0.573438 0.137500 0.031250 0.056250
8 0.183594 0.229687 0.032813 0.037500
8 0.270313 0.807031 0.053125 0.067187
8 0.368750 0.909375 0.015625 0.034375
8 0.214062 0.684375 0.053125 0.040625
8 0.159375 0.660156 0.053125 0.029687
8 0.121094 0.642969 0.042188 0.023438
8 0.100000 0.629687 0.037500 0.021875
