0 0.148438 0.410938 0.143750 0.271875
0 0.821875 0.629687 0.240625 0.181250
0 0.814063 0.371875 0.200000 0.146875
0 0.781250 0.253125 0.218750 0.131250
0 0.743750 0.165625 0.196875 0.106250
0 0.625000 0.886719 0.106250 0.110937
0 0.492188 0.900000 0.090625 0.112500
0 0.381250 0.887500 0.109375 0.109375
0 0.275000 0.852344 0.096875 0.120313
0 0.203125 0.818750 0.081250 0.125000
0 0.152344 0.783594 0.048438 0.092188
0 0.218750 0.199219 0.121875 0.126562
0 0.343750 0.059375 0.056250 0.059375
0 0.359375 0.314844 0.250000 0.451562
0 0.140625 0.246875 0.068750 0.115625
8 0.413281 0.046094 0.020313 0.035937
8 0.609375 0.091406 0.015625 0.032813
