2 0.255469 0.617188 0.179688 0.075000
2 0.280469 0.688281 0.170313 0.132812
0 0.832812 0.467187 0.200000 0.134375
0 0.824219 0.621094 0.192188 0.135937
0 0.775781 0.746094 0.198437 0.139063
0 0.735156 0.825781 0.182812 0.085938
0 0.626563 0.914062 0.062500 0.056250
0 0.620313 0.936719 0.087500 0.054688
0 0.057813 0.543750 0.065625 0.059375
0 0.557031 0.162500 0.117188 0.193750
0 0.382812 0.167969 0.168750 0.276562
0 0.251563 0.228906 0.103125 0.170313
0 0.178906 0.260156 0.101562 0.182812
0 0.123438 0.304688 0.084375 0.181250
0 0.064062 0.381250 0.053125 0.109375
