0 0.389062 0.142969 0.143750 0.210938
0 0.706250 0.294531 0.271875 0.410938
0 0.575000 0.047656 0.081250 0.089063
0 0.062500 0.345313 0.059375 0.050000
0 0.217188 0.187500 0.171875 0.178125
0 0.095312 0.632031 0.087500 0.132812
0 0.047656 0.428906 0.057813 0.060937
0 0.048438 0.493750 0.065625 0.053125
0 0.239063 0.782031 0.175000 0.148438
0 0.394531 0.817969 0.154688 0.220312
0 0.613281 0.801562 0.129688 0.190625
0 0.748437 0.772656 0.140625 0.201563
0 0.825781 0.731250 0.085938 0.178125
0 0.831250 0.221094 0.096875 0.214062
0 0.255469 0.101562 0.157812 0.096875
0 0.914844 0.636719 0.070312 0.095312
