0 0.425000 0.057813 0.087500 0.109375
0 0.361719 0.036719 0.045312 0.048438
0 0.183594 0.246875 0.129688 0.181250
0 0.736719 0.337500 0.301563 0.203125
0 0.458594 0.605469 0.479687 0.254688
0 0.400000 0.812500 0.134375 0.193750
0 0.346875 0.878125 0.100000 0.096875
0 0.145313 0.696875 0.100000 0.156250
0 0.084375 0.640625 0.050000 0.100000
0 0.073438 0.348438 0.059375 0.112500
0 0.196875 0.145313 0.106250 0.059375
0 0.302344 0.057813 0.035937 0.046875
0 0.042969 0.433594 0.051562 0.042188
0 0.646875 0.030469 0.078125 0.057813
0 0.121094 0.293750 0.060937 0.146875
0 0.442188 0.903125 0.071875 0.081250
2 0.046875 0.527344 0.059375 0.023438
