0 0.184375 0.127344 0.056250 0.067187
0 0.252344 0.131250 0.110937 0.106250
0 0.353125 0.048438 0.059375 0.056250
0 0.450000 0.075000 0.087500 0.093750
0 0.550000 0.067969 0.081250 0.098437
0 0.596875 0.142969 0.168750 0.220312
0 0.050000 0.635938 0.046875 0.112500
0 0.100000 0.679688 0.075000 0.134375
0 0.187500 0.746094 0.112500 0.148438
0 0.471094 0.942969 0.095312 0.060937
0 0.573438 0.952344 0.106250 0.054688
0 0.821094 0.735938 0.117188 0.159375
0 0.906250 0.721875 0.050000 0.062500
0 0.898438 0.337500 0.075000 0.121875
0 0.939844 0.379688 0.039062 0.093750
0 0.956250 0.392188 0.050000 0.078125
0 0.878125 0.231250 0.090625 0.084375
0 0.796875 0.178125 0.065625 0.081250
0 0.100000 0.321875 0.084375 0.150000
0 0.625000 0.427344 0.475000 0.479687
8 0.210938 0.303906 0.062500 0.048438
8 0.959375 0.576562 0.025000 0.015625
8 0.963281 0.438281 0.026562 0.014063
8 0.967187 0.458594 0.028125 0.014063
8 0.323437 0.108594 0.028125 0.042188
