8 0.475000 0.698438 0.031250 0.075000
8 0.775781 0.640625 0.101562 0.075000
8 0.794531 0.586719 0.110937 0.057813
8 0.756250 0.457813 0.109375 0.040625
8 0.753125 0.420312 0.106250 0.056250
8 0.784375 0.428906 0.106250 0.051562
8 0.301563 0.165625 0.040625 0.053125
0 0.864062 0.355469 0.196875 0.164062
0 0.806250 0.235156 0.165625 0.114062
0 0.507812 0.421094 0.400000 0.451562
0 0.151562 0.553906 0.146875 0.235937
0 0.097656 0.525781 0.123438 0.185938
0 0.314844 0.136719 0.157812 0.104688
0 0.360156 0.092969 0.101562 0.051562
0 0.371094 0.069531 0.120313 0.042188
0 0.592969 0.077344 0.076563 0.079687
0 0.571875 0.039062 0.056250 0.065625
0 0.212500 0.188281 0.081250 0.114062
0 0.164844 0.225000 0.051562 0.103125
0 0.125000 0.264844 0.050000 0.085938
0 0.097656 0.292187 0.042188 0.071875
0 0.250000 0.114844 0.053125 0.064062
