0 0.212500 0.292969 0.178125 0.132812
0 0.292187 0.148438 0.162500 0.100000
0 0.515625 0.050000 0.062500 0.062500
0 0.657813 0.068750 0.062500 0.065625
0 0.893750 0.605469 0.121875 0.117188
0 0.717187 0.087500 0.065625 0.071875
0 0.767188 0.114844 0.056250 0.070312
0 0.184375 0.605469 0.184375 0.135937
0 0.189844 0.725000 0.210938 0.153125
0 0.534375 0.645312 0.206250 0.368750
0 0.337500 0.909375 0.125000 0.068750
0 0.730469 0.867969 0.145313 0.085938
0 0.925000 0.728125 0.062500 0.100000
0 0.833594 0.855469 0.064062 0.073438
