0 0.531250 0.028906 0.046875 0.054688
0 0.586719 0.037500 0.054688 0.053125
0 0.654687 0.092969 0.081250 0.082812
0 0.596094 0.174219 0.151562 0.217188
0 0.412500 0.180469 0.156250 0.220312
0 0.446875 0.062500 0.084375 0.068750
0 0.400000 0.845313 0.125000 0.184375
0 0.596094 0.840625 0.154688 0.218750
0 0.828125 0.742188 0.146875 0.190625
0 0.918750 0.689844 0.062500 0.151562
0 0.930469 0.346875 0.070312 0.071875
0 0.958594 0.452344 0.070312 0.067187
0 0.589063 0.589844 0.425000 0.248438
0 0.156250 0.739062 0.121875 0.131250
0 0.111719 0.692969 0.060937 0.139063
0 0.762500 0.174219 0.121875 0.148438
0 0.249219 0.225000 0.148438 0.209375
0 0.161719 0.275000 0.082812 0.181250
0 0.112500 0.306250 0.059375 0.156250
0 0.068750 0.656250 0.062500 0.100000
0 0.271094 0.121875 0.076563 0.059375
0 0.346875 0.056250 0.053125 0.050000
0 0.296094 0.068750 0.045312 0.053125
