0 0.057813 0.365625 0.062500 0.050000
0 0.536719 0.070312 0.085938 0.087500
0 0.577344 0.179688 0.151562 0.196875
0 0.703125 0.209375 0.153125 0.203125
0 0.803906 0.239063 0.098437 0.187500
0 0.073438 0.314063 0.062500 0.053125
0 0.210938 0.781250 0.143750 0.146875
0 0.356250 0.834375 0.159375 0.240625
0 0.591406 0.850000 0.142187 0.212500
0 0.721094 0.789062 0.135937 0.203125
0 0.814844 0.760938 0.092188 0.193750
0 0.890625 0.701562 0.100000 0.187500
0 0.866406 0.293750 0.082812 0.168750
0 0.707812 0.118750 0.106250 0.075000
0 0.957031 0.495312 0.076563 0.109375
0 0.915625 0.330469 0.053125 0.117188
0 0.567969 0.623437 0.426563 0.234375
