8 0.803125 0.266406 0.065625 0.051562
8 0.714063 0.117188 0.034375 0.046875
8 0.683594 0.084375 0.026562 0.040625
8 0.658594 0.062500 0.023438 0.040625
8 0.608594 0.040625 0.020313 0.040625
8 0.692969 0.856250 0.026562 0.040625
8 0.675000 0.900000 0.015625 0.028125
0 0.532031 0.091406 0.070312 0.135937
0 0.330469 0.150000 0.192188 0.237500
0 0.203125 0.225781 0.121875 0.210938
0 0.135156 0.277344 0.098437 0.185938
0 0.414844 0.624219 0.414062 0.367188
0 0.402344 0.830469 0.251563 0.154688
0 0.235937 0.767969 0.121875 0.164062
0 0.154688 0.727344 0.096875 0.173437
0 0.093750 0.664844 0.065625 0.129688
0 0.625000 0.894531 0.071875 0.082812
0 0.346875 0.032031 0.059375 0.045312
