0 0.553125 0.061719 0.093750 0.098437
0 0.443750 0.059375 0.084375 0.093750
0 0.327344 0.078125 0.114062 0.109375
0 0.090625 0.321094 0.078125 0.148438
0 0.651563 0.078125 0.106250 0.096875
0 0.759375 0.112500 0.112500 0.093750
0 0.825000 0.234375 0.131250 0.200000
0 0.715625 0.771094 0.143750 0.198437
0 0.833594 0.717187 0.104688 0.181250
0 0.465625 0.346094 0.537500 0.367188
0 0.478125 0.948438 0.050000 0.053125
0 0.900000 0.671094 0.056250 0.135937
0 0.943750 0.625000 0.043750 0.121875
0 0.896094 0.287500 0.067187 0.162500
0 0.131250 0.201563 0.062500 0.093750
0 0.175000 0.159375 0.078125 0.087500
0 0.219531 0.140625 0.054688 0.078125
