0 0.842187 0.517188 0.203125 0.140625
0 0.682031 0.118750 0.157812 0.087500
0 0.640625 0.080469 0.103125 0.057813
0 0.406250 0.060156 0.071875 0.076563
0 0.282813 0.107031 0.065625 0.070312
0 0.153906 0.418750 0.185938 0.128125
0 0.066406 0.475000 0.082812 0.078125
0 0.084375 0.569531 0.087500 0.089063
0 0.115625 0.673438 0.087500 0.096875
0 0.223438 0.759375 0.140625 0.103125
0 0.268750 0.833594 0.181250 0.107813
0 0.315625 0.885938 0.153125 0.065625
0 0.813281 0.713281 0.189062 0.151562
0 0.760938 0.814844 0.184375 0.107813
0 0.714844 0.898438 0.160938 0.090625
0 0.350000 0.915625 0.134375 0.071875
8 0.272656 0.229687 0.070312 0.075000
8 0.242969 0.317188 0.085938 0.065625
