8 0.642188 0.754687 0.062500 0.090625
8 0.576562 0.787500 0.034375 0.071875
8 0.562500 0.836719 0.025000 0.057813
8 0.552344 0.871094 0.023438 0.048438
8 0.544531 0.890625 0.017188 0.043750
8 0.547656 0.942187 0.017188 0.040625
8 0.529687 0.946094 0.012500 0.035937
0 0.386719 0.775781 0.148438 0.251563
0 0.339844 0.925000 0.126562 0.084375
0 0.742969 0.770312 0.192188 0.290625
0 0.910156 0.617969 0.057813 0.120313
0 0.935156 0.596094 0.035937 0.085938
0 0.950000 0.583594 0.034375 0.067187
0 0.893750 0.706250 0.065625 0.071875
