0 0.634375 0.335938 0.487500 0.275000
0 0.068750 0.424219 0.078125 0.082812
0 0.162500 0.256250 0.106250 0.168750
0 0.259375 0.200000 0.109375 0.159375
0 0.381250 0.154688 0.140625 0.218750
0 0.103125 0.309375 0.059375 0.131250
0 0.237500 0.131250 0.106250 0.084375
0 0.605469 0.146875 0.135937 0.150000
0 0.568750 0.065625 0.090625 0.078125
0 0.725000 0.162500 0.125000 0.115625
0 0.823438 0.234375 0.096875 0.171875
0 0.378125 0.821875 0.131250 0.203125
0 0.255469 0.803125 0.123438 0.181250
0 0.150000 0.751563 0.096875 0.175000
0 0.090625 0.690625 0.056250 0.131250
0 0.600000 0.828125 0.137500 0.203125
0 0.733594 0.784375 0.142187 0.212500
0 0.821875 0.761719 0.106250 0.192188
0 0.953125 0.574219 0.062500 0.067187
0 0.929688 0.656250 0.059375 0.062500
0 0.075000 0.658594 0.043750 0.114062
0 0.080469 0.335156 0.045312 0.098437
