0 0.503125 0.395313 0.209375 0.409375
0 0.796875 0.281250 0.190625 0.146875
0 0.752344 0.184375 0.173437 0.096875
0 0.706250 0.112500 0.175000 0.087500
0 0.853125 0.599219 0.200000 0.139063
0 0.798438 0.728125 0.193750 0.118750
0 0.762500 0.814844 0.193750 0.110937
0 0.143750 0.489844 0.143750 0.251563
0 0.080469 0.503906 0.095312 0.204687
0 0.207813 0.278125 0.190625 0.140625
0 0.245312 0.184375 0.171875 0.087500
0 0.293750 0.117969 0.165625 0.076563
0 0.367188 0.068750 0.118750 0.043750
0 0.282813 0.865625 0.106250 0.112500
0 0.211719 0.837500 0.067187 0.118750
0 0.160938 0.800000 0.059375 0.084375
0 0.706250 0.881250 0.143750 0.075000
