1 0.689063 0.390625 0.334375 0.593750
0 0.864844 0.627344 0.207813 0.154688
0 0.863281 0.348438 0.176563 0.146875
0 0.834375 0.237500 0.112500 0.109375
0 0.485938 0.947656 0.131250 0.082812
0 0.159375 0.550000 0.143750 0.281250
0 0.095312 0.539062 0.100000 0.225000
0 0.311719 0.132031 0.148438 0.101562
0 0.351562 0.093750 0.078125 0.046875
0 0.364063 0.073438 0.121875 0.056250
0 0.211719 0.181250 0.085938 0.115625
0 0.162500 0.208594 0.059375 0.129688
0 0.121875 0.267188 0.056250 0.090625
0 0.092969 0.300781 0.042188 0.067187
8 0.474219 0.697656 0.026562 0.070312
