1 0.828125 0.303906 0.212500 0.192188
0 0.800781 0.203125 0.148438 0.087500
8 0.472656 0.698438 0.023438 0.068750
8 0.614844 0.117188 0.026562 0.059375
0 0.642969 0.628906 0.295312 0.507812
0 0.150000 0.560156 0.153125 0.248438
0 0.215625 0.186719 0.075000 0.104688
0 0.308594 0.139844 0.151562 0.098437
0 0.164062 0.222656 0.056250 0.110937
0 0.126562 0.257031 0.046875 0.092188
0 0.101562 0.289844 0.037500 0.070312
0 0.356250 0.089063 0.100000 0.062500
0 0.373437 0.071094 0.090625 0.051562
0 0.455469 0.028125 0.032813 0.034375
