2 0.642969 0.315625 0.129688 0.175000
0 0.792969 0.273438 0.192188 0.134375
0 0.825781 0.397656 0.204687 0.145313
0 0.842187 0.602344 0.206250 0.148438
0 0.628906 0.952344 0.101562 0.054688
0 0.702344 0.129688 0.139063 0.087500
0 0.639844 0.076563 0.101562 0.050000
0 0.289062 0.112500 0.146875 0.081250
0 0.350781 0.075781 0.110937 0.054688
0 0.248438 0.199219 0.171875 0.126562
0 0.175000 0.188281 0.087500 0.092188
0 0.135937 0.263281 0.093750 0.089063
0 0.099219 0.342187 0.107813 0.100000
0 0.089844 0.480469 0.120313 0.217188
0 0.235156 0.493750 0.257812 0.400000
0 0.286719 0.868750 0.110937 0.118750
0 0.206250 0.840625 0.087500 0.140625
0 0.161719 0.796875 0.057813 0.115625
0 0.121094 0.760156 0.054688 0.101562
0 0.089844 0.721875 0.070312 0.078125
0 0.341406 0.938281 0.076563 0.064062
