8 0.677344 0.316406 0.064062 0.064062
8 0.837500 0.317969 0.062500 0.048438
8 0.874219 0.335938 0.039062 0.028125
8 0.849219 0.283594 0.035937 0.032813
8 0.797656 0.202344 0.026562 0.026562
0 0.679688 0.139063 0.096875 0.093750
0 0.489844 0.109375 0.079687 0.096875
0 0.397656 0.124219 0.101562 0.101562
0 0.220312 0.275781 0.143750 0.204687
0 0.053906 0.409375 0.048438 0.084375
0 0.898438 0.275781 0.071875 0.076563
0 0.960938 0.479687 0.062500 0.056250
0 0.958594 0.596094 0.054688 0.060937
0 0.950000 0.654687 0.053125 0.059375
0 0.821094 0.746094 0.132812 0.204687
0 0.617188 0.928906 0.084375 0.098437
0 0.310937 0.829688 0.175000 0.253125
0 0.188281 0.770312 0.117188 0.215625
0 0.130469 0.730469 0.089063 0.210938
0 0.107031 0.685156 0.070312 0.182812
