0 0.399219 0.468750 0.498437 0.421875
0 0.663281 0.885156 0.104688 0.104688
0 0.925000 0.635156 0.059375 0.117188
0 0.862500 0.287500 0.096875 0.165625
0 0.917188 0.352344 0.065625 0.123438
0 0.788281 0.166406 0.107813 0.098437
0 0.855469 0.193750 0.070312 0.081250
0 0.395313 0.037500 0.062500 0.062500
0 0.538281 0.028906 0.042188 0.051562
0 0.584375 0.032813 0.059375 0.059375
0 0.633594 0.052344 0.048438 0.051562
2 0.655469 0.047656 0.017188 0.042188
0 0.208594 0.125781 0.054688 0.057813
8 0.854688 0.331250 0.043750 0.037500
