0 0.546875 0.100000 0.165625 0.125000
0 0.147656 0.297656 0.198437 0.145313
0 0.084375 0.455469 0.162500 0.123438
0 0.110937 0.639062 0.218750 0.150000
0 0.156250 0.765625 0.240625 0.143750
0 0.227344 0.845313 0.195312 0.087500
0 0.599219 0.599219 0.270313 0.332813
0 0.734375 0.203125 0.178125 0.103125
0 0.783594 0.305469 0.164062 0.129688
0 0.184375 0.182031 0.206250 0.095312
0 0.247656 0.111719 0.164062 0.054688
0 0.294531 0.058594 0.173437 0.089063
0 0.693750 0.852344 0.153125 0.104688
0 0.790625 0.789062 0.078125 0.115625
0 0.818750 0.431250 0.181250 0.125000
0 0.693750 0.114844 0.118750 0.085938
0 0.276562 0.892188 0.165625 0.056250
0 0.503125 0.964063 0.043750 0.046875
