0 0.468750 0.532813 0.356250 0.231250
0 0.207031 0.264062 0.135937 0.206250
0 0.139063 0.289062 0.078125 0.181250
0 0.431250 0.207813 0.140625 0.234375
0 0.566406 0.210156 0.129688 0.245312
0 0.683594 0.229687 0.132812 0.237500
0 0.791406 0.252344 0.117188 0.229687
0 0.555469 0.067187 0.082812 0.081250
0 0.456250 0.066406 0.090625 0.101562
0 0.300000 0.111719 0.065625 0.073438
0 0.900000 0.259375 0.087500 0.075000
0 0.918750 0.327344 0.081250 0.067187
5 0.900000 0.510156 0.050000 0.057813
6 0.645312 0.714063 0.046875 0.100000
6 0.709375 0.700781 0.046875 0.085938
6 0.776563 0.678906 0.043750 0.073438
6 0.792969 0.671875 0.035937 0.071875
5 0.869531 0.642188 0.045312 0.068750
8 0.678906 0.094531 0.023438 0.039062
8 0.625000 0.078906 0.018750 0.039062
8 0.604688 0.075000 0.018750 0.043750
