8 0.703125 0.772656 0.050000 0.082812
8 0.617188 0.081250 0.021875 0.046875
8 0.603125 0.050000 0.012500 0.034375
8 0.596875 0.044531 0.009375 0.029687
8 0.589844 0.036719 0.010937 0.026562
1 0.721875 0.885938 0.112500 0.096875
0 0.525000 0.549219 0.278125 0.498437
0 0.367188 0.917969 0.065625 0.079687
0 0.308594 0.889844 0.070312 0.089063
0 0.264062 0.871094 0.056250 0.070312
0 0.235937 0.685937 0.209375 0.140625
0 0.194531 0.550781 0.245312 0.126562
0 0.198437 0.379688 0.234375 0.137500
0 0.428906 0.048438 0.076563 0.071875
0 0.329688 0.091406 0.090625 0.107813
0 0.261719 0.127344 0.073438 0.098437
0 0.209375 0.150781 0.075000 0.110937
0 0.124219 0.438281 0.117188 0.160938
0 0.128125 0.637500 0.115625 0.125000
