1 0.675000 0.530469 0.400000 0.589063
0 0.870313 0.361719 0.156250 0.157812
0 0.809375 0.235937 0.181250 0.140625
0 0.541406 0.910937 0.135937 0.112500
0 0.373437 0.935937 0.103125 0.053125
8 0.474219 0.698438 0.026562 0.078125
8 0.882031 0.653125 0.064062 0.037500
0 0.146094 0.558594 0.154688 0.245312
0 0.309375 0.132812 0.131250 0.096875
0 0.357812 0.092969 0.106250 0.057813
0 0.360938 0.070312 0.115625 0.046875
0 0.214844 0.191406 0.089063 0.117188
0 0.167969 0.215625 0.051562 0.096875
0 0.126562 0.256250 0.056250 0.100000
