0 0.707812 0.189844 0.156250 0.226562
0 0.452344 0.496875 0.592187 0.418750
0 0.478906 0.901563 0.132812 0.059375
0 0.092969 0.637500 0.079687 0.137500
0 0.044531 0.598437 0.045312 0.106250
8 0.191406 0.792969 0.039062 0.042188
8 0.297656 0.876563 0.023438 0.031250
8 0.217188 0.780469 0.025000 0.029687
8 0.241406 0.810156 0.023438 0.026562
8 0.158594 0.686719 0.032813 0.026562
8 0.188281 0.738281 0.032813 0.029687
8 0.422656 0.839844 0.023438 0.045312
8 0.562500 0.742188 0.037500 0.071875
8 0.741406 0.726562 0.045312 0.043750
8 0.835938 0.679688 0.037500 0.028125
0 0.476562 0.929688 0.118750 0.056250
